time (s)	theta (A)	maj axis/z0	min axis/z0	crossing#mod 255
6506.031792	286.108948	0.723462	-0.381658	201
6508.133976	285.520172	0.726269	-0.377167	203
6510.237136	286.636871	0.730977	-0.373604	205
6512.323592	286.391937	0.734839	-0.370407	207
6514.419156	285.262115	0.739512	-0.365953	209
6516.520921	285.064148	0.741515	-0.362764	211
6518.608743	285.235809	0.743967	-0.358864	213
6520.703928	284.907867	0.746853	-0.354555	215
6522.802024	284.289825	0.750677	-0.351495	217
6524.906362	285.231750	0.759495	-0.348495	219
6526.999288	285.753937	0.759220	-0.345338	221
6529.087708	284.526062	0.762065	-0.340892	223
6531.183514	284.059082	0.765974	-0.336760	225
6533.279239	283.674194	0.767697	-0.333020	227
6535.377932	283.584351	0.769629	-0.329179	229
6537.470491	284.036407	0.774164	-0.326617	231
6539.568971	284.299316	0.779787	-0.323883	233
6541.665376	284.136169	0.782184	-0.320495	235
6543.758831	283.562653	0.785971	-0.316212	237
6545.851887	283.125610	0.788260	-0.313298	239
6547.947410	283.363037	0.790480	-0.309872	241
6550.044638	283.505920	0.794097	-0.306492	243
6552.141658	283.453064	0.797918	-0.303713	245
6554.235440	283.427032	0.802700	-0.300836	247
6556.328886	282.994873	0.805009	-0.297062	249
6558.421400	282.264862	0.805259	-0.293025	251
6560.516849	282.082794	0.807815	-0.289730	253
6562.612766	282.039856	0.809735	-0.286910	255
6564.707078	281.950714	0.813427	-0.284086	1
6566.801932	281.770752	0.814501	-0.280586	3
6568.896300	281.527618	0.817713	-0.277177	5
6570.992449	281.709595	0.820982	-0.273721	7
6573.089624	281.908203	0.824094	-0.270816	9
6575.187095	282.067474	0.826838	-0.268261	11
6577.279407	281.822876	0.830685	-0.264949	13
6579.374411	281.587036	0.833860	-0.261149	15
6581.467107	281.343231	0.833549	-0.258384	17
6583.561216	281.060608	0.835639	-0.255392	19
6585.657764	281.177155	0.838253	-0.251931	21
6587.753366	281.165985	0.840353	-0.249153	23
6589.849781	281.155579	0.844709	-0.245867	25
6591.942509	281.014587	0.847499	-0.242741	27
6594.036304	280.782471	0.849614	-0.239661	29
6596.131624	280.589935	0.851864	-0.237461	31
6598.224647	280.364105	0.853069	-0.234646	33
6600.320632	280.232697	0.854886	-0.231614	35
6602.414057	280.145203	0.857287	-0.228664	37
6604.510157	280.007446	0.861011	-0.226085	39
6606.604673	280.084717	0.863968	-0.223276	41
6608.700109	280.096924	0.866973	-0.220371	43
6610.795406	280.079773	0.868960	-0.217280	45
6612.891027	280.110291	0.872378	-0.214631	47
6614.986742	280.127716	0.873873	-0.211995	49
6617.079252	279.834015	0.877025	-0.209546	51
6619.173154	279.488098	0.879329	-0.206252	53
6621.266387	279.099152	0.879235	-0.203428	55
6623.361534	279.129944	0.880910	-0.200545	57
6625.457918	279.351288	0.883415	-0.197634	59
6627.552791	279.384644	0.885313	-0.194998	61
6629.648099	279.352417	0.887773	-0.192247	63
6631.743202	279.433136	0.890256	-0.189642	65
6633.836610	279.218872	0.892929	-0.187443	67
6635.930311	278.981628	0.895351	-0.184770	69
6638.025658	278.868347	0.897909	-0.182038	71
6640.120142	278.828766	0.898972	-0.179554	73
6642.214537	278.735626	0.900408	-0.176733	75
6644.309389	278.665558	0.902235	-0.174085	77
6646.404030	278.553955	0.902911	-0.171127	79
6648.498901	278.437103	0.904894	-0.168324	81
6650.592626	278.325256	0.906662	-0.165078	83
6652.686558	278.063385	0.906479	-0.162252	85
6654.779737	278.093292	0.907264	-0.159894	87
6656.873723	277.915985	0.907978	-0.157219	89
6658.968199	277.862701	0.910360	-0.154833	91
6661.062891	277.886200	0.912341	-0.152126	93
6663.159388	277.927673	0.914436	-0.149846	95
6665.254514	277.884399	0.916286	-0.147347	97
6667.348446	277.777618	0.919525	-0.145000	99
6669.443033	277.761322	0.922736	-0.142394	101
6671.536712	277.680420	0.924368	-0.140006	103
6673.630716	277.582550	0.926623	-0.138044	105
6675.724459	277.508087	0.926938	-0.135199	107
6677.819532	277.456024	0.929054	-0.132708	109
6679.914312	277.385864	0.930349	-0.130486	111
6682.008932	277.355774	0.931396	-0.127890	113
6684.103430	277.332458	0.932703	-0.125455	115
6686.198076	277.354492	0.934673	-0.122876	117
6688.292413	277.344147	0.936491	-0.120702	119
6690.385763	277.196075	0.938325	-0.118082	121
6692.479472	276.866943	0.940490	-0.115695	123
6694.572665	276.600372	0.940132	-0.113406	125
6696.666913	276.534119	0.939319	-0.110408	127
6698.761883	276.642578	0.940923	-0.108249	129
6700.856961	276.768372	0.943513	-0.106019	131
6702.951448	276.721039	0.945919	-0.103960	133
6705.046837	276.681702	0.947389	-0.101479	135
6707.141487	276.688904	0.947781	-0.099210	137
6709.235992	276.689880	0.948358	-0.096727	139
6711.330004	276.597900	0.949230	-0.094036	141
6713.424554	276.583344	0.950612	-0.092174	143
6715.518821	276.474731	0.951977	-0.089752	145
6717.612978	276.408264	0.953450	-0.087472	147
6719.707047	276.314392	0.954202	-0.084672	149
6721.800699	276.281311	0.957512	-0.083025	151
6723.894634	276.256531	0.957151	-0.080667	153
6725.987933	276.255188	0.958398	-0.078771	155
6728.081842	276.188507	0.958435	-0.076510	157
6730.175677	276.126617	0.959369	-0.074545	159
6732.270132	276.028656	0.962008	-0.072069	161
6734.365122	276.077881	0.963570	-0.069950	163
6736.460250	276.173798	0.964006	-0.067355	165
6738.555013	276.153839	0.965058	-0.065313	167
6740.649558	276.065033	0.965748	-0.063250	169
6742.744088	276.049896	0.966730	-0.060742	171
6744.838437	275.993469	0.967152	-0.058474	173
6746.932342	275.942139	0.967773	-0.056286	175
6749.026538	275.980804	0.968680	-0.054164	177
6751.120606	275.996887	0.969704	-0.051946	179
6753.215181	275.949829	0.971502	-0.049984	181
6755.309475	275.938171	0.972346	-0.047993	183
6757.403476	275.968414	0.973044	-0.045691	185
6759.497477	275.984680	0.973692	-0.043365	187
6761.591141	276.031830	0.975115	-0.041450	189
6763.684823	275.932434	0.975601	-0.038923	191
6765.778487	275.754425	0.975864	-0.036847	193
6767.872125	275.651794	0.975317	-0.034669	195
6769.965826	275.624146	0.975335	-0.032541	197
6772.060411	275.698761	0.975524	-0.030212	199
6774.154928	275.761322	0.976694	-0.028107	201
6776.249902	275.840393	0.977765	-0.026021	203
6778.344285	275.789795	0.979930	-0.024057	205
6780.439025	275.785797	0.981224	-0.022093	207
6782.533352	275.721710	0.982091	-0.019908	209
6784.627775	275.744476	0.983069	-0.017868	211
6786.721800	275.712738	0.984706	-0.016226	213
6788.815995	275.715851	0.985072	-0.013943	215
6790.909886	275.739166	0.985921	-0.012043	217
6793.003852	275.752930	0.986182	-0.009928	219
6795.097491	275.845764	0.987277	-0.008320	221
6797.191053	275.849609	0.987802	-0.006279	223
6799.284701	275.909882	0.987275	-0.004417	225
6801.378667	275.863190	0.986752	-0.002518	227
6803.472733	275.882141	0.987775	-0.000635	229
6805.567132	275.864258	0.990337	0.001389	231
6807.661783	275.882629	0.991901	0.003152	233
6809.756193	275.939911	0.993334	0.005091	235
6811.851771	275.963043	0.992656	0.007069	237
6813.946303	275.926605	0.994525	0.009051	239
6816.040234	275.901001	0.995179	0.011044	241
6818.134838	275.868622	0.995648	0.013022	243
6820.228913	275.937012	0.996060	0.014863	245
6822.323301	275.880920	0.994343	0.017167	247
6824.417516	275.914398	0.995312	0.018538	249
