time (s)	energy (uJ)	charge (mC)	voltage (mV)	crossing#mod 255
4496.780076	24.243914	7.482008	3.240295	183
4497.813870	28.874641	7.478253	3.861148	184
4498.877024	27.298464	7.472543	3.653169	185
4499.905259	29.149324	7.458514	3.908195	186
4500.973415	28.760151	7.481801	3.844015	187
4501.999669	31.838663	7.486875	4.252597	188
4503.070758	27.806561	7.480186	3.717362	189
4504.100211	33.315063	7.477694	4.455259	190
4505.155422	26.451624	7.454356	3.548479	191
4506.193602	30.881409	7.481138	4.127903	192
4507.252587	30.002113	7.458943	4.022301	193
4508.290958	33.115093	7.489334	4.421634	194
4509.355251	29.025564	7.459331	3.891176	195
4510.376680	33.836853	7.480187	4.523530	196
4511.451365	29.425640	7.487006	3.930228	197
4512.474143	33.046829	7.430348	4.447548	198
4513.538594	30.582094	7.467131	4.095562	199
4514.565413	34.281708	7.481173	4.582398	200
4515.639409	30.585428	7.479596	4.089182	201
4516.662533	36.855145	7.468904	4.934479	202
4517.731270	28.834631	7.478762	3.855536	203
4518.758642	33.819714	7.485964	4.517750	204
4519.824768	32.109928	7.468842	4.299185	205
4520.851637	33.968338	7.464326	4.550757	206
4521.921676	32.738403	7.478813	4.377487	207
4522.955717	36.498013	7.473134	4.883897	208
4524.018860	32.942997	7.446998	4.423662	209
4525.045464	35.664391	7.466495	4.776591	210
4526.107362	33.377514	7.455774	4.476734	211
4527.140072	34.559975	7.460780	4.632220	212
4528.201956	34.058922	7.469993	4.559432	213
4529.235096	37.131863	7.475101	4.967406	214
4530.297897	33.157745	7.477765	4.434179	215
4531.327712	36.845757	7.465361	4.935563	216
4532.393731	32.931709	7.466545	4.410569	217
4533.425508	35.316872	7.466139	4.730272	218
4534.488599	35.208431	7.461611	4.718610	219
4535.520076	36.772308	7.481971	4.914790	220
4536.581688	34.863865	7.475831	4.663544	221
4537.615249	37.364716	7.429186	5.029449	222
4538.677944	34.751781	7.453341	4.662578	223
4539.709115	37.746128	7.444028	5.070659	224
4540.772795	35.195259	7.491746	4.697871	225
4541.803441	37.128941	7.471068	4.969697	226
4542.869618	35.723972	7.479047	4.776541	227
4543.901471	37.605469	7.465430	5.037282	228
4544.962574	36.698765	7.464190	4.916644	229
4545.994580	37.927399	7.447961	5.092320	230
4547.059722	35.996117	7.472200	4.817339	231
4548.086572	38.300785	7.463516	5.131735	232
4549.156730	36.737801	7.469719	4.918231	233
4550.183536	39.999065	7.462321	5.360137	234
4551.250814	35.302502	7.450463	4.738297	235
4552.289704	40.873669	7.451254	5.485476	236
4553.344089	36.023964	7.463457	4.826713	237
4554.371704	39.421753	7.478746	5.271172	238
4555.441510	36.775311	7.477576	4.918079	239
4556.469261	39.889896	7.463844	5.344418	240
4557.532635	37.512981	7.467207	5.023697	241
4558.563310	40.765907	7.463170	5.462277	242
4559.639428	37.797325	7.479982	5.053130	243
4560.658542	40.779472	7.475978	5.454734	244
4561.724446	37.716141	7.480304	5.042061	245
4562.754465	40.730782	7.476099	5.448133	246
4563.818524	36.633747	7.472821	4.902265	247
4564.861850	41.943127	7.451686	5.628676	248
4565.911853	37.675579	7.441304	5.063035	249
4566.946863	40.775482	7.470601	5.458127	250
4568.007246	37.894516	7.458364	5.080809	251
4569.041034	40.218544	7.475820	5.379817	252
4570.102863	38.088078	7.473263	5.096580	253
4571.135777	40.593987	7.458318	5.442780	254
4572.197859	37.821110	7.465359	5.066215	255
4573.231530	40.701775	7.455695	5.459153	0
4574.291627	37.744537	7.460340	5.059359	1
4575.325355	41.579166	7.474818	5.562566	2
4576.387247	38.766953	7.455116	5.200047	3
4577.420546	40.700588	7.456265	5.458576	4
4578.483479	38.069263	7.475801	5.092333	5
4579.514950	41.055874	7.457874	5.505037	6
4580.578861	38.232697	7.452196	5.130394	7
4581.610083	41.757530	7.470973	5.589303	8
4582.672622	38.681004	7.471208	5.177343	9
4583.704045	40.960770	7.439866	5.505579	10
4584.768954	38.916000	7.479805	5.202809	11
4585.798768	41.691727	7.461095	5.587883	12
4586.863006	38.676296	7.468904	5.178309	13
4587.892151	42.477077	7.471791	5.684993	14
4588.959481	38.564034	7.439532	5.183664	15
4589.989020	41.093159	7.464703	5.504996	16
4591.053633	39.319004	7.441113	5.284022	17
4592.083305	40.571316	7.453860	5.442994	18
4593.148944	39.240021	7.431179	5.280457	19
4594.179666	40.656948	7.452485	5.455490	20
4595.243313	39.036316	7.470588	5.225334	21
4596.274505	41.015774	7.474539	5.487399	22
4597.338276	39.536804	7.472947	5.290658	23
4598.370159	40.829884	7.480193	5.458400	24
4599.431661	39.346622	7.461264	5.273453	25
4600.465245	40.006462	7.460736	5.362268	26
4601.526527	39.639736	7.467011	5.308649	27
4602.559679	40.787102	7.448533	5.475857	28
4603.621558	39.793003	7.474130	5.324099	29
4604.654781	40.441986	7.449123	5.429094	30
4605.715841	39.852303	7.459253	5.342667	31
4606.749865	40.951748	7.480096	5.474762	32
4607.810436	39.534557	7.469925	5.292497	33
4608.844700	41.151550	7.449158	5.524323	34
4609.906048	39.203964	7.481347	5.240228	35
4610.940525	40.204628	7.467948	5.383625	36
4612.001301	39.397068	7.458894	5.281892	37
4613.034018	41.254871	7.462230	5.528491	38
4614.096007	39.265453	7.468111	5.257749	39
4615.129943	40.051399	7.462966	5.366686	40
4616.191180	39.210052	7.476537	5.244414	41
4617.224389	40.599209	7.442636	5.454950	42
4618.285928	39.466816	7.471169	5.282549	43
4619.329493	42.948448	7.481340	5.740743	44
4620.382241	39.096889	7.471901	5.232523	45
4621.412871	41.034939	7.460228	5.500494	46
4622.477462	38.978344	7.449550	5.232308	47
4623.519127	42.994251	7.472735	5.753483	48
4624.571648	39.082375	7.468191	5.233179	49
4625.602478	40.224190	7.464765	5.388541	50
4626.666974	38.539478	7.452807	5.171136	51
4627.697204	40.350662	7.471322	5.400740	52
4628.761836	38.533367	7.465393	5.161600	53
4629.792741	40.795300	7.456940	5.470783	54
4630.855601	38.501106	7.445646	5.170956	55
4631.887598	40.517368	7.463832	5.428494	56
4632.950581	38.432243	7.474499	5.141782	57
4633.983438	39.931866	7.466850	5.347887	58
4635.045087	38.453224	7.471833	5.146425	59
4636.078004	40.358597	7.460592	5.409570	60
4637.139563	38.750092	7.470886	5.186814	61
4638.173185	40.689072	7.472472	5.445196	62
4639.233842	38.746624	7.481516	5.178981	63
4640.268030	40.306793	7.455828	5.406079	64
4641.329539	37.560310	7.460931	5.034266	65
4642.363394	39.942348	7.464556	5.350935	66
4643.423953	37.992840	7.475372	5.082401	67
4644.458499	39.678478	7.448332	5.327163	68
4645.517953	38.466454	7.450482	5.162949	69
4646.552795	39.980453	7.471484	5.351073	70
4647.613350	38.281525	7.472772	5.122801	71
4648.647605	39.584076	7.446523	5.315780	72
4649.708379	37.754246	7.461653	5.059770	73
4650.742370	39.080914	7.465873	5.234607	74
4651.813229	41.160442	7.475107	5.506335	75
4652.837577	39.017704	7.455961	5.233089	76
4653.898300	37.812584	7.472860	5.059989	77
4654.931598	39.037716	7.462065	5.231490	78
4655.992841	37.832039	7.457086	5.073301	79
4657.025673	38.871262	7.485606	5.192801	80
4658.088503	37.672619	7.480803	5.035906	81
4659.118276	40.089626	7.469190	5.367333	82
4660.182238	37.936958	7.452721	5.090350	83
4661.215712	38.397110	7.475279	5.136546	84
4662.278737	37.453625	7.464455	5.017597	85
4663.309762	38.679813	7.474453	5.174935	86
4664.373190	37.382301	7.469337	5.004768	87
4665.405012	38.030796	7.469302	5.091614	88
4666.467328	37.818275	7.464222	5.066607	89
4667.500485	37.897560	7.473828	5.070703	90
4668.561852	37.913456	7.468055	5.076751	91
4669.595124	37.935989	7.432282	5.104218	92
4670.656724	37.379765	7.460741	5.010195	93
4671.689838	38.047852	7.469027	5.094084	94
4672.751254	37.058922	7.467172	4.962913	95
4673.785393	37.011879	7.460366	4.961135	96
4674.845620	37.363407	7.483170	4.992992	97
4675.879713	37.575680	7.472487	5.028537	98
4676.939481	37.721115	7.471670	5.048552	99
4677.974437	37.644459	7.459597	5.046447	100
4679.034213	37.558891	7.452261	5.039932	101
4680.069791	37.228867	7.456244	4.992979	102
4681.140089	39.870136	7.455970	5.347411	103
4682.164633	37.039066	7.456571	4.967306	104
4683.224401	36.510380	7.462489	4.892521	105
4684.258172	37.592590	7.457484	5.040922	106
4685.329865	39.495903	7.440345	5.308343	107
4686.352895	37.764717	7.459955	5.062325	108
4687.413850	37.014633	7.455244	4.964913	109
4688.448156	36.923496	7.471562	4.941872	110
4689.509690	35.906013	7.471664	4.805625	111
4690.543021	36.347885	7.450353	4.878680	112
4691.604223	36.154404	7.475886	4.836137	113
4692.637379	36.461803	7.469449	4.881458	114
4693.699369	36.004642	7.456440	4.828664	115
4694.731181	37.443974	7.476297	5.008358	116
4695.793800	36.123657	7.477129	4.831220	117
4696.826531	36.565022	7.455862	4.904198	118
4697.888877	35.368061	7.454291	4.744658	119
4698.920901	36.009438	7.477208	4.815894	120
4699.983306	35.412590	7.464328	4.744244	121
4701.015817	36.302517	7.455228	4.869404	122
4702.077254	35.863380	7.476041	4.797109	123
4703.110655	36.624390	7.470394	4.902606	124
4704.173113	34.514126	7.460409	4.626305	125
4705.206006	35.936695	7.456980	4.819202	126
4706.267159	34.190254	7.465952	4.579490	127
4707.300892	35.329689	7.463193	4.733857	128
4708.360893	34.714825	7.461681	4.652413	129
4709.395786	35.767925	7.465681	4.790980	130
4710.455380	35.122112	7.459415	4.708427	131
4711.490543	36.044758	7.474818	4.822159	132
4712.550189	34.718987	7.469773	4.647931	133
4713.584987	35.757885	7.457574	4.794842	134
4714.645263	34.041275	7.448609	4.570152	135
4715.679345	35.548603	7.461743	4.764115	136
4716.738951	34.599396	7.468987	4.632408	137
4717.774800	35.105637	7.471569	4.698564	138
4718.833659	34.737049	7.457450	4.658033	139
4719.869060	35.437107	7.464209	4.747604	140
4720.928665	34.526150	7.471305	4.621167	141
4721.962808	35.851856	7.467039	4.801349	142
4723.022913	34.489208	7.461996	4.621982	143
4724.057802	34.842648	7.465143	4.667378	144
4725.118279	34.058437	7.452765	4.569906	145
4726.152046	34.749882	7.467012	4.653787	146
4727.213243	34.209751	7.453236	4.589919	147
4728.246892	34.717438	7.449293	4.660501	148
4729.308340	34.141617	7.468060	4.571685	149
4730.340629	35.015945	7.440952	4.705842	150
4731.403149	33.675621	7.470659	4.507718	151
4732.435637	34.326988	7.437033	4.615683	152
4733.497994	33.424503	7.472732	4.472863	153
4734.530651	33.883450	7.468876	4.536620	154
4735.591885	34.090202	7.443946	4.579588	155
4736.625340	33.916924	7.454037	4.550142	156
4737.686332	33.960247	7.470291	4.546041	157
4738.720155	34.084717	7.473033	4.561028	158
4739.781065	33.611591	7.472380	4.498111	159
4740.815394	33.148777	7.459602	4.443773	160
4741.875207	34.099068	7.447227	4.578761	161
4742.920669	36.574547	7.468984	4.896857	162
4743.969558	33.840805	7.468488	4.531146	163
4745.004314	33.330605	7.446383	4.476080	164
4746.064825	33.142460	7.453277	4.446696	165
4747.099369	32.995502	7.445783	4.431435	166
4748.158033	33.744801	7.446523	4.531619	167
4749.193715	32.950916	7.462377	4.415606	168
4750.253000	33.640282	7.472111	4.502113	169
4751.288254	33.528641	7.463037	4.492627	170
4752.348381	32.926334	7.430032	4.431520	171
4753.382967	32.619179	7.456035	4.374870	172
4754.441303	32.875179	7.477432	4.396587	173
4755.477819	32.404209	7.467579	4.339319	174
4756.536840	33.124237	7.457219	4.441902	175
4757.572450	32.477081	7.465035	4.350560	176
4758.631065	32.956692	7.459435	4.418122	177
4759.667007	32.553623	7.453107	4.367793	178
4760.727222	32.002110	7.465882	4.286448	179
4761.771932	35.860176	7.471591	4.799537	180
4762.821337	32.252254	7.464903	4.320519	181
4763.855945	31.846989	7.459884	4.269100	182
4764.916006	32.681343	7.443755	4.390438	183
4765.950538	31.836210	7.474251	4.259452	184
4767.010644	32.512024	7.466813	4.354204	185
4768.044811	31.760469	7.470202	4.251621	186
4769.105547	31.841082	7.445122	4.276771	187
4770.139365	31.252575	7.443747	4.198501	188
4771.200182	31.801674	7.481511	4.250702	189
4772.244395	35.855301	7.456844	4.808375	190
4773.294180	31.990881	7.436802	4.301699	191
