time (s)	theta (A)	maj axis/z0	min axis/z0	crossing#mod 255
1865.586283	334.185242	0.681653	-0.188041	9
1867.680850	334.163940	0.681198	-0.188008	11
1869.774436	334.235321	0.679880	-0.188726	13
1871.865168	334.014893	0.679395	-0.189568	15
1873.960310	333.710907	0.678646	-0.190119	17
1876.054750	333.649475	0.677427	-0.190586	19
1878.148459	333.560059	0.676793	-0.191061	21
1880.241427	333.449432	0.676513	-0.191391	23
1882.336443	333.421631	0.676662	-0.191530	25
1884.430221	333.489410	0.676057	-0.192184	27
1886.522555	333.260956	0.674579	-0.192674	29
1888.618717	333.051636	0.675159	-0.192778	31
1890.708914	332.821014	0.673294	-0.193325	33
1892.803168	332.506348	0.670624	-0.193409	35
1894.898018	332.453918	0.668721	-0.193627	37
1896.990027	332.318176	0.666120	-0.193425	39
1899.084747	332.197876	0.666811	-0.193888	41
1901.177333	332.169159	0.666241	-0.192986	43
1903.274597	332.047302	0.667648	-0.195087	45
1905.364998	331.842224	0.665448	-0.195422	47
1907.461475	331.725616	0.665119	-0.195556	49
1909.552291	331.600739	0.663594	-0.195963	51
1911.646867	331.438141	0.662896	-0.196205	53
1913.740219	331.313446	0.661712	-0.196521	55
1915.834201	331.287262	0.661454	-0.197080	57
1917.927972	331.190033	0.660907	-0.196988	59
1920.022500	331.008209	0.660039	-0.196623	61
1922.116933	331.012726	0.659267	-0.197186	63
1924.210303	331.012115	0.657074	-0.197174	65
1926.304046	330.888153	0.655834	-0.196747	67
1928.397831	330.734528	0.655180	-0.196852	69
1930.489589	330.375519	0.654154	-0.197047	71
1932.583248	330.016541	0.652808	-0.197596	73
1934.677188	329.893280	0.652565	-0.198133	75
1936.769133	329.856018	0.651845	-0.198625	77
1938.864120	329.679657	0.649901	-0.198526	79
1940.956165	329.370270	0.649157	-0.199040	81
1943.050876	329.333038	0.646497	-0.198395	83
1945.143783	329.208038	0.646425	-0.198444	85
1947.238328	329.018921	0.645395	-0.198936	87
1949.331959	328.862701	0.643730	-0.198617	89
1951.425511	328.789551	0.643153	-0.198481	91
1953.519915	328.715149	0.642603	-0.198245	93
1955.614416	328.714081	0.642309	-0.198376	95
1957.708214	328.711823	0.641030	-0.199178	97
1959.801789	328.398285	0.640263	-0.199172	99
1961.896745	328.230774	0.639717	-0.199284	101
1963.989676	328.226746	0.638777	-0.197921	103
1966.083527	328.066406	0.639614	-0.197558	105
1968.177122	328.044159	0.640698	-0.197752	107
1970.270655	328.032776	0.641275	-0.197674	109
1972.363931	327.957886	0.641523	-0.197500	111
1974.457443	327.806702	0.642218	-0.197318	113
1976.552022	327.710480	0.642865	-0.196920	115
1978.646167	327.693542	0.642696	-0.196421	117
1980.740336	327.626190	0.644035	-0.196219	119
1982.833966	327.567352	0.644701	-0.196129	121
1984.928602	327.462799	0.645409	-0.195763	123
1987.022641	327.488861	0.646501	-0.195613	125
1989.116732	327.534119	0.647052	-0.195064	127
1991.211218	327.426819	0.647275	-0.194549	129
1993.305177	327.352173	0.647509	-0.193936	131
1995.400949	327.333221	0.647717	-0.193703	133
1997.494343	327.400818	0.648043	-0.193063	135
1999.588623	327.467560	0.648856	-0.192666	137
2001.681970	327.309570	0.650261	-0.192221	139
2003.775415	327.230774	0.651839	-0.192292	141
2005.869261	327.009888	0.652358	-0.192162	143
2007.963241	326.890808	0.653214	-0.191619	145
2010.057077	326.795135	0.653288	-0.191263	147
2012.150865	326.740967	0.654071	-0.191289	149
2014.244699	326.638184	0.654857	-0.191150	151
2016.339157	326.584991	0.655308	-0.190840	153
2018.432375	326.535126	0.655887	-0.190462	155
2020.526687	326.505402	0.656452	-0.190151	157
2022.621090	326.430725	0.656443	-0.189364	159
2024.715212	326.469513	0.657790	-0.188939	161
2026.809758	326.470795	0.658818	-0.188522	163
2028.903557	326.527252	0.659232	-0.188157	165
2030.998356	326.532745	0.659180	-0.187909	167
2033.092193	326.546967	0.658917	-0.187724	169
2035.186452	326.422821	0.660063	-0.187062	171
2037.280614	326.257080	0.660484	-0.186418	173
2039.373860	326.152863	0.663071	-0.186503	175
2041.468170	326.064789	0.664495	-0.186527	177
2043.561286	326.006989	0.665443	-0.186344	179
2045.655008	326.002441	0.665649	-0.186158	181
2047.748924	325.906769	0.665872	-0.186022	183
2049.842304	325.833679	0.666381	-0.185332	185
2051.936463	325.754211	0.666416	-0.184963	187
2054.029513	325.738861	0.667533	-0.184628	189
2056.124911	325.661987	0.668683	-0.184356	191
2058.218337	325.596924	0.669084	-0.183966	193
2060.312961	325.560425	0.670071	-0.183624	195
2062.406619	325.512390	0.670591	-0.183107	197
2064.501499	325.439331	0.670879	-0.182554	199
2066.596330	325.360535	0.672248	-0.182168	201
2068.690353	325.358765	0.671557	-0.180823	203
2070.783553	325.362579	0.671994	-0.180888	205
2072.878451	325.359375	0.673290	-0.180703	207
2074.972138	325.437683	0.673733	-0.180072	209
2077.066197	325.401947	0.675182	-0.179850	211
2079.159582	325.217133	0.676179	-0.179424	213
2081.253734	325.060822	0.676973	-0.178964	215
2083.347628	324.966339	0.678166	-0.178773	217
2085.441400	324.834259	0.678704	-0.178388	219
2087.535892	324.757660	0.679796	-0.178301	221
2089.628991	324.667877	0.680387	-0.177617	223
2091.723312	324.648621	0.681071	-0.177326	225
2093.817255	324.567719	0.681169	-0.176879	227
2095.911604	324.570648	0.681721	-0.176383	229
2098.005516	324.591827	0.682574	-0.175849	231
2100.099819	324.539276	0.683684	-0.175659	233
2102.194104	324.570038	0.684283	-0.175186	235
2104.288174	324.571564	0.685014	-0.175152	237
2106.382674	324.528778	0.685712	-0.174885	239
2108.476951	324.470093	0.686293	-0.174618	241
2110.571294	324.305756	0.687333	-0.174076	243
2112.665383	324.197754	0.687152	-0.173511	245
2114.758701	324.117340	0.687700	-0.172610	247
2116.852453	324.061279	0.688414	-0.172204	249
2118.945841	324.003113	0.689016	-0.171725	251
2121.039256	324.030273	0.689799	-0.171387	253
2123.133655	323.988525	0.690385	-0.171116	255
2125.227017	323.852539	0.690895	-0.170717	1
2127.321497	323.837677	0.691620	-0.170458	3
2129.415480	323.842407	0.692659	-0.169910	5
2131.509261	323.732574	0.693997	-0.169752	7
2133.604104	323.662323	0.695279	-0.169511	9
2135.697921	323.612732	0.696167	-0.169204	11
2137.792506	323.546478	0.697016	-0.168516	13
2139.886763	323.468933	0.697724	-0.168164	15
2141.981192	323.475891	0.698618	-0.167825	17
2144.075057	323.443604	0.699718	-0.167410	19
2146.169633	323.425323	0.699416	-0.167014	21
2148.262705	323.441223	0.699021	-0.166287	23
2150.356534	323.415375	0.699792	-0.165820	25
2152.450771	323.352173	0.701162	-0.165296	27
2154.545079	323.328430	0.702195	-0.164971	29
2156.638864	323.225983	0.702803	-0.164558	31
2158.732563	323.095825	0.704235	-0.164154	33
2160.827031	322.970825	0.704501	-0.163470	35
2162.920814	322.917816	0.705944	-0.163382	37
2165.014670	322.910217	0.705746	-0.162639	39
2167.107941	322.785950	0.706633	-0.162273	41
2169.203165	322.801697	0.707998	-0.161934	43
